0 155 183 192 142 193 28 34 8 4.262760884436405
0 121 112 6 4.370189002787344
0 42 160 96 184 104 176 138 47 14 3.865461595948325
0 44 100 18 168 97 4.372551327165429
0 139 185 114 151 72 80 126 166 55 4.190082437073858
0 36 153 144 175 3 16 7 158 4.082984844193006
0 87 197 161 107 15 79 130 22 74 180 4.252441755505733
0 129 200 82 133 164 49 10 110 105 4.326743556323516
0 195 145 131 101 54 73 119 61 2 4.150129478613321
0 123 81 165 106 191 30 40 124 3.919483781355515
0 181 159 118 67 13 33 24 108 3.3278670744351677
0 162 75 35 167 41 26 89 189 29 4.105627007797136
0 32 143 186 196 4.092892216307612
0 68 170 94 1 48 147 5 179 169 4.121428572529859
0 141 125 11 69 25 187 21 171 45 4.1687811483087955
0 136 37 88 95 157 148 78 116 46 4.381418837928692
0 60 140 134 103 149 154 86 52 173 137 4.169656230928917
0 93 50 76 65 64 85 9 4.221625677710554
0 152 190 39 146 38 12 66 57 4.132324214180759
0 77 53 177 56 120 128 4 163 63 4.165279524809679
0 58 198 31 188 156 20 182 172 70 4.255032579493393
0 23 174 62 91 113 127 194 122 90 4.2986391621681985
0 83 99 43 3.957285128567592
0 109 117 3.7377396378437577
0 199 27 111 102 17 84 59 135 98 4.336656470275733
0 150 92 71 51 178 132 19 115 4.321393758992204
4.381418837928692

VND2 TwoOpt=0, Swaps =1, Relo= 2
VND  0= Relo 1=Swaps

4.471686383188162
VND2 TwoOpt=0, Swaps =2, Relo= 1
VND  0= Relo 1=Swaps

JULIA:
VND2: Relo= 2, 2opt=1, swap=0  VND1: relo swap 2opt  4.49
VND2: ---		VND1: Relo, 2opt, swap 4.64
VND2: ---		VND1: swap relo 2opt 5.40
VND2: ---		VND1: swap 2opt relo 5.40
VND2: ---		VND1: 2opt swap relo 5.40
VND2: ---		VND1: 2opr relo swap 6.32

VND2: swap, 2opt, relo  VND1: relo swap 2opt 4.38 ---------------------------------1
VND2: ---		VND1: Relo, 2opt, swap 4.55
VND2: ---		VND1: swap relo 2opt 5.54
VND2: ---		VND1: swap 2opt relo 5.24
VND2: ---		VND1: 2opt swap relo 6.2
VND2: ---		VND1: 2opr relo swap 4.38

VND2 2opt, relo, swap   VND1: relo swap 2opt 4.43
VND2: ---		VND1: Relo, 2opt, swap 4.47
VND2: ---		VND1: swap relo 2opt 5.54
VND2: ---		VND1: swap 2opt relo 6.3
VND2: ---		VND1: 2opt swap relo 6.3
VND2: ---		VND1: 2opr relo swap 4.44



0 155 183 192 142 193 28 34 8 4.262760884436405
0 121 112 6 4.370189002787344
0 42 160 96 184 104 176 138 47 14 3.865461595948325
0 44 100 18 168 97 4.372551327165429
0 139 185 114 151 72 80 126 166 55 4.190082437073858
0 36 153 144 175 3 16 7 158 4.082984844193006
0 87 197 161 107 15 79 130 22 74 180 4.252441755505733
0 129 200 82 133 164 49 10 110 105 4.326743556323516
0 195 145 131 101 54 73 119 61 2 4.150129478613321
0 123 81 165 106 191 30 40 124 3.919483781355515
0 181 159 118 67 13 33 24 108 3.3278670744351677
0 162 75 35 167 41 26 89 189 29 4.105627007797136
0 32 143 186 196 4.092892216307612
0 68 170 94 1 48 147 5 179 169 4.121428572529859
0 141 125 11 69 25 187 21 171 45 4.1687811483087955
0 136 37 88 95 157 148 78 116 46 4.381418837928692
0 60 140 134 103 149 154 86 52 173 137 4.169656230928917
0 93 50 76 65 64 85 9 4.221625677710554
0 152 190 39 146 38 12 66 57 4.132324214180759
0 77 53 177 56 120 128 4 163 63 4.165279524809679
0 58 198 31 188 156 20 182 172 70 4.255032579493393
0 23 174 62 91 113 127 194 122 90 4.2986391621681985
0 83 99 43 3.957285128567592
0 109 117 3.7377396378437577
0 199 27 111 102 17 84 59 135 98 4.336656470275733
0 150 92 71 51 178 132 19 115 4.321393758992204
4.381418837928692

VND2 TwoOpt=0, Swaps =1, Relo= 2
VND  0= Relo 1=Swaps 2 = Twoopt


4.471686383188162 
VND2 TwoOpt=0, Swaps =1, Relo= 2
VND  2 = Relo 0=Swaps 1 = Twoopt

